seed1:===== IEMOCAP_74.80_74.96 =====
		precision    recall  f1-score   support

           0     0.6442    0.7292    0.6840     144.0
           1     0.8571    0.8082    0.8319     245.0
           2     0.7581    0.7344    0.7460     384.0
           3     0.6667    0.7294    0.6966     170.0
           4     0.8495    0.7926    0.8201     299.0
           5     0.6837    0.7034    0.6934     381.0

    accuracy                         0.7480    1623.0
   macro avg     0.7432    0.7495    0.7454    1623.0
weighted avg     0.7527    0.7480    0.7496    1623.0




seed2:===== IEMOCAP_74.86_74.99 =====
		precision    recall  f1-score   support

           0     0.6077    0.7639    0.6769     144.0
           1     0.8541    0.8122    0.8326     245.0
           2     0.7251    0.7760    0.7497     384.0
           3     0.7152    0.6941    0.7045     170.0
           4     0.8433    0.7559    0.7972     299.0
           5     0.7233    0.6929    0.7078     381.0

    accuracy                         0.7486    1623.0
   macro avg     0.7448    0.7492    0.7448    1623.0
weighted avg     0.7545    0.7486    0.7499    1623.0



seed3:===== IEMOCAP_74.80_74.88 =====
		precision    recall  f1-score   support

           0     0.6429    0.6875    0.6644     144.0
           1     0.8540    0.7878    0.8195     245.0
           2     0.7282    0.7604    0.7439     384.0
           3     0.7117    0.6824    0.6967     170.0
           4     0.8259    0.8094    0.8176     299.0
           5     0.7047    0.7139    0.7093     381.0

    accuracy                         0.7480    1623.0
   macro avg     0.7445    0.7402    0.7419    1623.0
weighted avg     0.7504    0.7480    0.7488    1623.0



seed4:===== IEMOCAP_74.74_74.87 =====
		precision    recall  f1-score   support

           0     0.6064    0.7917    0.6867     144.0
           1     0.8547    0.8163    0.8351     245.0
           2     0.7301    0.7891    0.7584     384.0
           3     0.6776    0.7294    0.7025     170.0
           4     0.8577    0.7258    0.7862     299.0
           5     0.7286    0.6693    0.6977     381.0

    accuracy                         0.7474    1623.0
   macro avg     0.7425    0.7536    0.7445    1623.0
weighted avg     0.7556    0.7474    0.7487    1623.0




seed5:===== IEMOCAP_74.86_74.99 =====
		precision    recall  f1-score   support

           0     0.6077    0.7639    0.6769     144.0
           1     0.8541    0.8122    0.8326     245.0
           2     0.7251    0.7760    0.7497     384.0
           3     0.7152    0.6941    0.7045     170.0
           4     0.8433    0.7559    0.7972     299.0
           5     0.7233    0.6929    0.7078     381.0

    accuracy                         0.7486    1623.0
   macro avg     0.7448    0.7492    0.7448    1623.0
weighted avg     0.7545    0.7486    0.7499    1623.0

