seed1:===== MELD_68.58_67.62 =====
		precision    recall  f1-score   support

           0     0.7674    0.8432    0.8035    1256.0
           1     0.6201    0.6157    0.6179     281.0
           2     0.3333    0.2000    0.2500      50.0
           3     0.5000    0.3462    0.4091     208.0
           4     0.6658    0.6393    0.6523     402.0
           5     0.4000    0.2647    0.3186      68.0
           6     0.5809    0.5826    0.5818     345.0

    accuracy                         0.6858    2610.0
   macro avg     0.5525    0.4988    0.5190    2610.0
weighted avg     0.6720    0.6858    0.6762    2610.0


seed2:===== MELD_68.16_67.42 =====
		precision    recall  f1-score   support

           0     0.7904    0.8256    0.8076    1256.0
           1     0.6064    0.6085    0.6075     281.0
           2     0.2222    0.1600    0.1860      50.0
           3     0.5315    0.3654    0.4330     208.0
           4     0.6310    0.6592    0.6448     402.0
           5     0.4000    0.2059    0.2718      68.0
           6     0.5445    0.6029    0.5722     345.0

    accuracy                         0.6816    2610.0
   macro avg     0.5323    0.4896    0.5033    2610.0
weighted avg     0.6718    0.6816    0.6742    2610.0




seed3:===== MELD_68.35_67.63 =====
		precision    recall  f1-score   support

           0     0.7820    0.8312    0.8059    1256.0
           1     0.5786    0.6548    0.6144     281.0
           2     0.3056    0.2200    0.2558      50.0
           3     0.4937    0.3750    0.4262     208.0
           4     0.6676    0.6244    0.6452     402.0
           5     0.3571    0.2206    0.2727      68.0
           6     0.5826    0.5826    0.5826     345.0

    accuracy                         0.6835    2610.0
   macro avg     0.5382    0.5012    0.5147    2610.0
weighted avg     0.6730    0.6835    0.6763    2610.0


seed4:===== MELD_68.24_67.55 =====
		precision    recall  f1-score   support

           0     0.7802    0.8280    0.8034    1256.0
           1     0.6020    0.6299    0.6157     281.0
           2     0.2273    0.2000    0.2128      50.0
           3     0.5103    0.3558    0.4193     208.0
           4     0.6693    0.6343    0.6513     402.0
           5     0.3721    0.2353    0.2883      68.0
           6     0.5649    0.6058    0.5846     345.0

    accuracy                         0.6824    2610.0
   macro avg     0.5323    0.4984    0.5108    2610.0
weighted avg     0.6727    0.6824    0.6755    2610.0


seed5:===== MELD_68.31_67.71 =====
		precision    recall  f1-score   support

           0     0.7915    0.8312    0.8109    1256.0
           1     0.5755    0.6512    0.6110     281.0
           2     0.2500    0.2200    0.2340      50.0
           3     0.4906    0.3750    0.4251     208.0
           4     0.6605    0.6244    0.6419     402.0
           5     0.3409    0.2206    0.2679      68.0
           6     0.5809    0.5826    0.5818     345.0

    accuracy                         0.6831    2610.0
   macro avg     0.5271    0.5007    0.5104    2610.0
weighted avg     0.6741    0.6831    0.6771    2610.0


